30
6
5 2 4 6 3 1
6
2 4 8 16 32 64
3
1 1 1
3
200000 200000 200000
200
88130 47994 8378 151692 179461 112241 131437 191761 100723 83639 117125 132123 194812 9928 26724 141907 150229 95128 12554 98211 78215 7236 168917 36726 27160 43522 155868 185643 1340 107457 112197 22478 192345 57605 166901 146191 181313 101635 107307 57641 74021 3162 154003 19132 174504 130106 195457 15015 46852 128621 6910 53717 17979 99745 50448 69521 65331 106945 79703 177042 15151 1685 69296 198998 56966 62150 79273 152572 167310 130929 29941 59276 134103 113947 190884 117052 30965 117471 26150 108790 46560 43049 42288 172035 91416 174718 57736 78738 84768 80788 190657 154852 179348 35319 135644 82291 90090 93535 156033 45653 53631 157745 68388 13462 47650 117922 197155 55053 157993 44416 131663 172922 181731 165772 5393 137375 2648 36046 164690 192928 187777 79907 151168 116623 2473 36391 65628 89767 40403 119885 1977 112900 146873 84684 98198 151790 129217 6649 80073 32457 189644 90180 117081 36158 133384 55373 164816 157165 2905 118280 173666 67155 38179 149888 71661 190077 21879 72490 81219 180464 168873 74987 7135 19577 74780 6352 118864 69468 1838 151882 160098 133508 80719 125820 59124 174964 36621 28616 128755 180885 183843 121961 152773 28365 28496 10638 132517 162930 38991 157819 17508 113833 97112 190498 3417 196751 120065 178772 19240 13341
200
41760 110653 169951 30197 13723 53563 182503 174477 73085 53108 197793 82197 64517 20458 38066 25838 67533 149490 141207 162640 1746 138187 6607 123663 9811 170398 74834 27156 87559 23414 58238 147569 90088 113747 114793 833 52062 32173 47181 75927 21521 190705 159371 20218 165110 88722 45200 48008 172180 81257 186700 54237 14415 93279 34602 88463 177199 10807 70433 175430 3087 123487 110196 169906 113216 173026 193602 890 49476 36550 189064 61748 85972 119694 179307 34704 27030 5789 13947 52982 141538 130033 9179 122716 11432 104859 97490 91985 54246 178793 179746 118678 84423 27777 166798 135627 32807 177887 195816 65718 8513 33971 137243 28770 71685 185656 39959 70399 67872 604 125296 96660 70792 98107 124236 65470 27667 151531 95423 87032 191393 41104 151874 92559 22751 143556 39427 18517 80741 9343 134055 191948 144863 35311 74379 67969 161689 182020 134519 120467 65778 197683 84739 81155 174193 33649 54515 108639 121845 18267 104946 134175 152818 165696 191538 187155 89858 176083 19160 93816 178325 165213 95553 65942 85310 183583 110423 116251 106964 56452 138901 99518 151473 65401 36253 118541 72280 141406 186441 140563 183785 94665 157594 103133 160283 183732 73742 148918 6538 123897 188709 61490 98839 85030 142129 196104 76851 153306 42596 125311
200
0 0 0 0 0 0 0 0 0 0 0 0 0 0 0 0 0 0 0 0 0 0 0 0 0 0 0 0 0 0 0 0 0 0 0 0 0 0 0 0 0 0 0 0 0 0 0 0 0 0 0 0 0 0 0 0 0 0 0 0 0 0 0 0 0 0 0 0 0 0 0 0 0 0 0 0 0 0 0 0 0 0 0 0 0 0 0 0 0 0 0 0 0 0 0 0 0 0 0 0 140401 18321 172918 7618 100629 162701 10035 181567 11180 85297 34348 151243 19041 116480 150533 24347 153576 132331 86279 13038 110143 162807 123810 124394 22481 1608 39763 171700 136408 70177 26527 175283 50959 152744 44396 23759 46863 9468 4053 127739 184555 106891 126868 176720 186960 38318 92961 77319 109767 175112 125057 21998 140752 38578 47490 22841 32479 27959 198547 68196 190330 91759 121495 29019 125187 38873 65926 175432 148516 27736 165547 75893 149409 82828 154633 30368 47754 57171 136374 1168 23786 20176 49211 18667 126608 129901 27498 140824 102746 165919 115743 52198 168602 53076 109991 129428 7392 133499 9407 133235
200
144019 88431 142066 121132 38341 39368 184362 86574 73894 110024 9430 16524 571 65223 184658 81715 50676 121588 57653 133231 65813 2356 12141 52739 110652 106144 61387 57740 131691 27597 27030 110039 113700 179601 76963 60895 56222 126994 67200 132985 121813 20153 191256 161090 106823 126384 80902 60735 116918 55685 117078 32838 113300 87995 34358 152986 115761 186048 72571 31708 152157 80117 36276 24707 45811 134968 49251 41656 155933 157991 136455 36767 193668 115517 88499 36148 54776 50451 102031 145484 41594 150969 127875 68996 74077 52324 164832 155527 175009 27775 156266 188027 192897 67252 23311 81112 170128 197482 161242 44438 7578 111311 15850 62969 165855 15909 51661 152437 91349 108161 137148 75939 30431 149421 167454 48651 117854 18181 16891 197699 155012 123710 5036 36688 120477 180559 166016 86300 62659 79476 198689 104224 36072 164417 110943 170378 151847 69034 95842 149347 16902 20775 18381 19201 191843 25595 58835 62848 68207 29107 64623 190466 152528 2710 196174 165687 186483 146633 125921 63688 90984 66667 49933 41906 48688 172801 64205 67364 147234 127562 62636 9004 106498 186779 153257 136770 91103 131787 197608 197613 123107 159642 135163 106488 160003 91470 112462 30802 4905 58571 164 46745 170281 69849 111044 94702 160003 140790 2201 67259
200
85870 98580 97030 112220 71610 10230 78740 42160 137950 12710 116250 81715 93810 92335 106790 68145 9735 74930 40120 131275 12095 110625 11634 13356 13146 15204 9702 1386 10668 5712 18690 1722 15750 107476 123384 121444 140456 89628 12804 98552 52768 172660 15908 145500 89748 103032 101412 117288 74844 10692 82296 44064 144180 13284 121500 92241 105894 104229 120546 76923 10989 84582 45288 148185 13653 124875 76452 87768 86388 99912 63756 9108 70104 37536 122820 11316 103500 47921 55014 54149 62626 39963 5709 43942 23528 76985 7093 64875 27146 31164 30674 35476 22638 3234 24892 13328 43610 4018 36750 122157 140238 138033 159642 101871 14553 112014 59976 196245 18081 165375 69250 79500 78250 90500 57750 8250 63500 34000 111250 10250 93750 310 295 42 388 324 333 276 173 98 441 250 277 318 313 362 231 33 254 136 445 41 375 84750 165896 107470 29693 18369 71132 53881 3955 12929 115875 178744 159398 105046 62888 44084 91254 37414 34550 188328 41793 90839 20153 56520 122165 101100 141741 198431 132301 136797 94976 15390 70682 40348 100422 151733 154731 10727 168727 172678 92211 68787 16416 90591 50919 62381 37337 21730 67341 166584 129176 82741 72218 78887 71922 60450 152664 37973
200
83165 110003 195944 137346 91683 195863 184952 160332 107251 9961 159805 131250 148235 125492 18802 40120 139009 146270 18304 174078 117031 186290 64477 126085 15216 92326 8655 136097 94380 125452 173874 190405 147388 44634 61385 121821 980 32954 8079 145058 153398 21508 24764 58831 129843 34652 65156 172408 173625 163774 194248 184626 180288 39381 182151 143339 66712 16271 70531 19076 10106 85908 109010 47187 1324 105861 23188 114519 57643 149112 173907 131017 141050 84091 179454 197333 13385 79794 83076 128738 59105 174390 138654 50795 180327 182354 139187 182439 109309 40167 120535 99377 100363 174331 26631 2334 69405 86639 165780 36416 45742 71713 51257 102118 191016 109521 143379 30188 49732 60392 82170 94500 75048 65993 73378 63004 53791 177264 3850 124329 158263 117502 100209 181549 168624 88003 42605 82891 86915 110696 150571 24150 196442 133934 19132 125064 143833 173230 42950 115463 124266 103752 43323 7705 55635 5568 46983 187399 57319 197244 115538 66746 151156 191500 160441 102766 66791 9462 168618 104833 86987 172227 20830 1491 102389 78942 101513 59827 123252 110822 69258 184353 94109 186949 12645 63747 97677 113383 130218 5880 170704 196982 54932 40385 88173 107550 154071 138586 86513 45226 38817 37203 73989 33690 13407 108987 40578 84980 52577 171904
200
83556 57827 39082 162131 6847 30153 67830 8217 95686 199954 28521 72855 68234 115062 26995 12564 169948 148546 24862 161627 150810 119694 145819 75393 8540 164979 104077 38244 132679 125657 48779 106400 116142 3006 183576 187257 56937 123096 13004 42931 12187 142277 197294 93732 156607 196903 134564 142126 136808 108331 58672 125028 19238 99438 148877 66788 3677 191332 131854 42732 63722 46951 17989 81832 56747 77399 162986 131763 115735 161340 44449 196007 181066 173350 170125 27439 30326 54110 140805 131049 90904 46684 32201 61790 156485 26562 81780 143584 69003 88397 188227 98371 138669 146480 153716 170414 52302 88762 106029 158996 187496 143065 181429 92044 140328 35570 166065 118127 91777 47672 60417 186449 37923 92366 112413 154715 95310 68289 18341 158473 155185 167271 30347 41132 138325 1077 64859 124183 111000 71039 34275 158466 54535 83730 194817 69414 139083 161187 148518 63435 146515 72947 9014 118564 60764 178378 71565 157288 178194 106657 107480 127355 63857 47612 127903 194940 193203 107484 87048 156216 51520 170617 41833 110441 29226 96370 81050 83418 75217 60317 95462 31853 155480 194443 29495 33948 616 142511 11954 193052 136195 135756 21171 180986 39178 62345 166628 8444 67849 120950 16068 41885 166300 70793 91749 119869 184380 33639 33522 166705
200
104302 30976 100430 102124 45496 82522 75988 3388 13310 22412 6656 21580 21944 9776 17732 16328 728 2860 23274 6912 22410 22788 10152 18414 16956 756 2970 14654 4352 14110 14348 6392 11594 10676 476 1870 39652 11776 38180 38824 17296 31372 28888 1288 5060 113353 33664 109145 110986 49444 89683 82582 3682 14465 17240 5120 16600 16880 7520 13640 12560 560 2200 30601 9088 29465 29962 13348 24211 22294 994 3905 175848 52224 169320 172176 76704 139128 128112 5712 22440 242 52 54 34 92 263 40 71 408 431 128 415 422 188 341 314 14 55 144007 64503 60860 39415 10609 122325 168742 190965 157321 151086 95288 38060 188033 55880 50570 188527 131025 40821 153155 109286 17772 142828 105979 30121 21361 167131 107470 6420 86964 40091 43954 137028 81823 63030 63260 198319 73507 83093 106878 93906 79114 41335 110985 113645 463 196315 63524 49049 152012 175380 11097 45149 137900 193735 16085 71624 31462 8437 103539 189294 141317 29963 149284 197221 24918 144297 174984 28539 106774 1406 54241 113679 107268 26847 53538 111352 80957 138584 150963 92481 40663 152633 75613 159024 119493 5987 188836 109539 78360 184426 4285 183842 134303 24057 45593 6889 34305 68697 110462 177972 122034
200
90200 21725 22550 86075 24200 85800 120450 61875 24200 51975 26400 82500 1925 122672 29546 30668 117062 32912 116688 163812 84150 32912 70686 35904 112200 2618 123000 29625 30750 117375 33000 117000 164250 84375 33000 70875 36000 112500 2625 106600 25675 26650 101725 28600 101400 142350 73125 28600 61425 31200 97500 2275 135464 32627 33866 129269 36344 128856 180894 92925 36344 78057 39648 123900 2891 328 79 82 313 88 312 438 225 88 189 96 300 7 103976 25043 25994 99221 27896 98904 138846 71325 27896 59913 30432 95100 2219 106928 25754 26732 102038 28688 101712 142788 73350 28688 61614 31296 97800 2282 72816 17538 18204 69486 19536 69264 97236 49950 19536 41958 21312 66600 1554 123328 29704 30832 117688 33088 117312 164688 84600 33088 71064 36096 112800 2632 125296 30178 31324 119566 33616 119184 167316 85950 33616 72198 36672 114600 2674 83968 20224 20992 80128 22528 79872 112128 57600 22528 48384 24576 76800 1792 125296 30178 31324 119566 33616 119184 167316 85950 33616 72198 36672 114600 2674 275 374 375 325 413 1 317 326 222 376 382 256 382 328 79 82 313 88 312 438 225 88 189 96 300 7 86725 172321 109962 48341 114984
3
65537 65537 131073
200
1 0 0 0 0 1 0 1 1 0 1 0 1 1 1 1 1 1 1 0 1 1 0 0 0 1 1 1 1 0 0 1 0 0 1 0 0 0 1 0 1 0 0 1 1 0 1 1 1 1 0 0 0 0 0 1 0 0 1 1 1 1 1 0 1 0 1 0 0 0 1 0 0 0 1 1 1 0 0 0 0 1 1 0 1 0 1 1 0 0 1 0 1 1 0 0 1 1 0 1 0 1 0 1 0 0 0 0 1 0 1 1 0 1 0 1 0 1 1 1 0 1 0 1 0 0 0 1 0 0 0 0 0 0 0 1 0 1 1 0 0 1 0 0 0 0 0 0 1 0 1 0 0 1 1 0 0 0 0 0 0 0 1 1 1 0 0 0 1 0 1 1 0 1 1 0 1 0 1 0 0 0 1 1 1 1 1 0 1 1 0 1 1 1 0 1 0 1 0 0
200
0 0 0 0 0 0 0 0 0 0 0 0 0 0 0 0 0 0 0 0 0 0 0 0 0 0 0 0 0 0 0 0 0 0 0 0 0 0 0 0 0 0 0 0 0 0 0 0 0 0 0 0 0 0 0 0 0 0 0 0 0 0 0 0 0 0 0 0 0 0 0 0 0 0 0 0 0 0 0 0 0 0 0 0 0 0 0 0 0 0 0 0 0 0 0 0 0 0 0 0 27553 48620 171203 169321 73385 1562 173536 86914 138442 176945 113187 76991 110775 106419 143703 68939 3377 52172 137179 20235 103110 150446 184559 126288 117917 78040 17391 114718 62019 34561 106844 53206 48396 39721 193513 131634 162668 67124 162950 146972 91622 52584 28770 114363 189259 155073 74906 44406 121083 148995 19570 141496 102614 189640 36377 70425 34122 29196 137496 170939 181701 111125 62663 142693 89995 55236 68779 42077 147510 74645 123071 184786 114211 159410 85637 55144 166701 76150 85935 108184 138993 83602 110885 158323 15802 196615 151832 190506 796 157988 142198 29627 20761 3862 23351 15472 12547 8599 85420 93872
200
112537 50194 52274 71339 81154 172418 151646 23260 8896 162571 38667 163054 161321 121005 168668 55548 12759 72798 37821 32850 60168 120976 17595 123343 61043 70592 31755 165750 118513 131908 35534 193468 7998 90064 42211 89657 108176 6961 52066 132729 13316 157500 19269 47987 113864 114964 38473 112859 138718 79975 112027 35018 122874 103266 183018 106317 124259 162878 29023 148223 28368 19697 142112 82742 41044 72250 129834 133215 114739 34001 68866 29525 24543 161017 176810 17196 28522 102082 73508 129417 1401 45387 3996 164202 151060 56828 156591 3935 137614 98063 94647 160304 91112 59009 76416 122514 14129 193541 129643 45385 79387 184493 163083 68330 187202 171935 161851 70774 87698 8703 21497 29592 23438 179205 85109 145424 163125 85190 27604 192854 166502 101684 129376 65493 62403 63068 24629 63685 171310 25868 31200 179159 30317 151834 144267 193326 131060 68352 127116 24243 199878 101634 112847 185916 174052 126928 42239 37069 157641 87871 161590 134165 152902 104754 187052 83078 67152 140864 28074 121955 186864 1055 60082 116263 93463 128283 23803 6696 145617 24993 7964 188736 85885 63244 76881 68261 85908 161715 143915 61588 66457 139294 32793 26666 4023 19069 101260 155001 14155 143487 172045 37014 160669 175861 7359 181427 53796 75494 47265 115933
200
132288 120432 104520 60216 109824 129792 90480 67416 61374 53265 30687 55968 66144 46110 14840 13510 11725 6755 12320 14560 10150 105152 95728 83080 47864 87296 103168 71920 188256 171384 148740 85692 156288 184704 128760 31800 28950 25125 14475 26400 31200 21750 36888 33582 29145 16791 30624 36192 25230 312 159 35 248 444 75 87 424 386 335 193 352 416 290 48623 89732 165395 26651 28717 105392 50895 98337 27435 157050 86208 83169 106903 106632 96546 107032 43834 61063 13111 115848 165692 165294 119090 179925 4493 126806 102676 15334 179255 103894 55827 116033 38330 187484 197102 186976 182052 198360 48157 9292 16604 168605 163072 182443 111239 11605 137217 100155 17038 197650 108447 2128 196060 178440 49347 25567 85657 51134 177464 183708 86288 182793 80961 37596 61176 156444 104961 191209 189196 182644 128488 36821 113490 123264 167163 96007 4910 139554 54253 182056 143186 131159 67000 123527 85261 157616 27051 94164 121348 131418 11200 67901 79102 118805 91286 52199 105115 129658 32374 64991 25522 5950 45802 45713 20008 120567 191622 145506 145083 85851 197667 123875 10984 40012 72843 178627 105477 127165 34084 163773 5350 77451 125764 153900 183094 199458 100086 88854 13765 196936 75155 7535 80908 73304 95955 37146 37453
200
88789 163090 25917 95158 95026 158255 38619 9350 139297 178762 187062 74084 77279 89525 59712 6443 158587 165912 78606 199899 188170 158266 186372 22327 45495 35770 164210 11405 51094 42790 110041 84824 166352 41268 88955 61938 139041 117644 172897 73511 169913 168556 97154 171078 116965 105060 186700 54190 192579 130503 120821 166075 196406 2760 69552 92601 19095 171422 47892 120088 25642 113608 156671 161036 61200 170309 101275 101921 34604 95939 8185 7193 126310 129686 197533 99915 190591 39489 139886 115505 122174 25579 191191 178407 88497 4724 68347 183022 90103 65985 163690 12829 190692 41481 84076 60694 130876 168140 92785 120666 16742 69653 91401 67138 11649 108679 120589 158698 161965 96037 52771 87330 83975 94384 77067 61460 57770 23861 141125 120879 32528 170740 198450 18349 110442 186633 166559 29953 69373 20868 94516 16048 85115 88454 91786 117103 53620 174435 103105 75940 96396 115409 471 65844 75060 6839 11821 137155 113832 189905 98156 172813 158879 91754 70008 24944 64982 146430 155834 146150 129950 189958 80983 196944 26109 90491 85654 160797 75749 81766 166616 136279 183274 193030 94371 186288 39433 84089 118427 55731 47348 56449 49279 45612 62412 26398 116112 156124 82758 55459 51677 130755 161948 180952 65962 52254 183278 199945 18380 15571
200
0 1 1 1 0 1 1 1 1 1 0 0 1 0 1 0 1 0 1 1 0 1 0 1 0 1 0 1 0 0 1 1 0 1 1 0 0 1 1 1 1 1 1 0 0 1 0 0 0 0 1 1 0 0 1 1 1 0 0 0 1 1 0 0 1 1 0 1 1 0 0 0 0 1 1 0 0 1 1 0 0 0 1 0 0 1 1 1 0 1 0 0 1 0 1 0 0 0 1 1 1 1 1 0 1 1 0 1 1 0 0 0 1 0 1 0 1 0 1 1 0 0 1 0 1 1 0 0 1 0 1 1 0 0 0 0 0 0 0 0 1 1 0 0 0 1 0 1 0 1 1 0 1 0 1 1 1 1 1 1 0 0 0 0 1 0 1 1 0 0 0 1 1 0 1 1 1 1 0 1 1 1 0 1 0 0 0 1 0 1 0 0 0 1 0 1 0 1 1 0
200
200000 200000 200000 200000 200000 200000 200000 200000 200000 200000 200000 200000 200000 200000 200000 200000 200000 200000 200000 200000 200000 200000 200000 200000 200000 200000 200000 200000 200000 200000 200000 200000 200000 200000 200000 200000 200000 200000 200000 200000 200000 200000 200000 200000 200000 200000 200000 200000 200000 200000 200000 200000 200000 200000 200000 200000 200000 200000 200000 200000 200000 200000 200000 200000 200000 200000 200000 200000 200000 200000 200000 200000 200000 200000 200000 200000 200000 200000 200000 200000 200000 200000 200000 200000 200000 200000 200000 200000 200000 200000 200000 200000 200000 200000 200000 200000 200000 200000 200000 200000 200000 200000 200000 200000 200000 200000 200000 200000 200000 200000 200000 200000 200000 200000 200000 200000 200000 200000 200000 200000 200000 200000 200000 200000 200000 200000 200000 200000 200000 200000 200000 200000 200000 200000 200000 200000 200000 200000 200000 200000 200000 200000 200000 200000 200000 200000 200000 200000 200000 200000 200000 200000 200000 200000 200000 200000 200000 200000 200000 200000 200000 200000 200000 200000 200000 200000 200000 200000 200000 200000 200000 200000 200000 200000 200000 200000 200000 200000 200000 200000 200000 200000 200000 200000 200000 200000 200000 200000 200000 200000 200000 200000 200000 200000 200000 200000 200000 200000 200000 200000
200
171535 153950 151928 167791 138752 29313 41264 2149 11358 49512 157778 100849 175003 64400 55776 21975 138986 83460 141392 69932 175042 67132 117070 159465 108920 148309 195329 259 2472 96369 17292 69545 193257 137428 87828 62488 74972 40869 107559 106713 185737 66100 147831 113153 52042 92284 180637 145279 149852 5088 115373 185900 119287 111445 175523 90238 74777 127856 47089 45761 29500 191960 32047 188934 47755 174764 140995 185172 193401 74686 178259 51143 57083 186386 152180 33996 121381 194121 106935 92077 99289 29582 72527 35102 138632 177502 41889 180630 34240 122534 43852 62086 134726 30636 196146 164744 190438 95332 150705 88311 28607 144029 191153 115600 73211 63818 57619 77335 49371 23408 163943 2641 76936 61369 84389 165937 193713 62531 29766 68198 171798 105532 102494 123100 126816 70190 94473 133711 195957 145917 120720 175327 51125 86698 186786 177684 129885 20461 165052 18548 74205 176572 147072 138351 173170 170007 191859 30548 195913 114941 22220 34012 2695 147614 79483 26832 126878 2114 33326 188816 54777 66629 199166 172669 62677 48776 73882 169324 170336 604 162225 143307 123996 53652 35507 23071 165195 78714 38494 1137 11909 2313 57723 97863 141170 137690 172558 123937 128093 82055 171877 98977 73349 26999 41294 29294 85985 10569 9181 3159
200
6264 4032 8352 31320 24048 6984 13968 4524 2912 6032 22620 17368 5044 10088 4524 2912 6032 22620 17368 5044 10088 13746 8848 18328 68730 52772 15326 30652 29580 19040 39440 147900 113560 32980 65960 15312 9856 20416 76560 58784 17072 34144 87 56 116 435 334 97 194 72 52 52 158 340 176 1 87 56 116 435 334 97 194 191208 123695 101383 175353 82850 108082 48222 78683 190671 20078 71628 173445 153289 93669 150756 131503 143603 75768 49753 107301 197641 70527 88777 155168 169154 29888 179824 140766 135453 114969 112525 25501 149278 163129 110067 146200 110930 173311 23374 168637 77095 66239 167960 90395 109476 38399 96027 100406 194021 188487 145897 52838 199029 35216 190208 47689 30940 45992 17925 103466 171878 101361 131263 187418 87354 168255 138771 67035 122247 3637 81787 5428 166472 8150 168733 25506 49607 22825 71380 165368 124995 126385 111589 74899 8004 141395 118330 24961 5919 126905 171156 37343 140376 133347 84753 103045 111541 50609 135778 139167 152756 159185 78203 97408 138323 23433 31311 184936 176188 25233 146110 110358 146874 120535 161414 80585 62059 53432 79614 179073 91616 41490 171883 39058 109538 154008 157396 168883 152634 178767 57670 155419 57428 187685 32509 8819 166579
200
49770 11060 52930 14536 52456 55458 47874 48032 45978 82530 18340 87770 24104 86984 91962 79386 79648 76242 22995 5110 24455 6716 24236 25623 22119 22192 21243 27405 6090 29145 8004 28884 30537 26361 26448 25317 96705 21490 102845 28244 101924 107757 93021 93328 89337 137340 30520 146060 40112 144752 153036 132108 132544 126876 137025 30450 145725 40020 144420 152685 131805 132240 126585 65205 14490 69345 19044 68724 72657 62721 62928 60237 88515 19670 94135 25852 93292 98631 85143 85424 81771 158 262 73 87 307 436 435 207 281 315 70 335 92 332 351 303 304 291 18619 15460 158259 56217 27123 51590 188183 152128 46435 80161 143211 35407 24682 17776 124773 17623 198053 153242 173888 125802 111218 2446 83828 10698 149227 17014 154827 70482 172931 144164 183752 73301 147679 152757 6703 125644 17821 181182 160422 23249 61385 84861 41181 69894 139550 187446 682 88361 49873 89680 141331 99815 158351 98739 128550 116728 95442 152996 101249 127063 70759 41161 70173 157923 11511 7182 6792 95639 118275 74500 49366 15008 90909 85440 36413 136558 13557 23906 154704 197486 6937 58961 62509 191172 172035 155565 165012 107315 34065 174539 146279 85948 91313 155923 100002 151561 10157 91878 178087 111002 134194
200
37230 42705 36354 48618 38325 32193 52560 438 62730 71955 61254 81918 64575 54243 88560 738 61200 70200 59760 79920 63000 52920 86400 720 73780 84630 72044 96348 75950 63798 104160 868 54060 62010 52788 70596 55650 46746 76320 636 24990 28665 24402 32634 25725 21609 35280 294 11560 13260 11288 15096 11900 9996 16320 136 68510 78585 66898 89466 70525 59241 96720 806 219 369 360 434 318 147 68 403 170 195 166 222 175 147 240 2 32126 131484 176049 136869 147133 32631 45856 84904 182023 135919 102433 112487 98203 73066 8177 2244 37238 153552 88814 62079 15942 187103 76987 173822 131171 40682 37754 114266 63424 121066 47445 491 16540 138896 84185 32298 16646 152090 136443 192107 90130 97323 197605 153861 80259 63316 21249 35335 61436 15271 174020 125915 91262 54469 56785 60383 173766 111798 19032 91580 19408 89596 52297 182526 188293 27397 45482 128724 152615 169310 198835 175379 190694 33980 81967 196285 143096 90848 141890 33611 87716 56813 161253 181551 63352 2310 70043 120734 105632 28618 170894 916 155554 108258 182930 132714 43888 35262 196294 165324 5613 64065 135865 168606 40874 6979 173723 71379 54933 72478 25143 74058 128158 158220 194338 95979 42986 9177 138306 180893
200
14079 40793 74005 11913 105773 44042 95304 148010 114076 160645 10998 31866 57810 9306 82626 34404 74448 115620 89112 125490 4056 11752 21320 3432 30472 12688 27456 42640 32864 46280 10569 30623 55555 8943 79403 33062 71544 111110 85636 120595 15678 45426 82410 13266 117786 49044 106128 164820 127032 178890 6708 19436 35260 5676 50396 20984 45408 70520 54352 76540 10725 31075 56375 9075 80575 33550 72600 112750 86900 122375 5070 14690 26650 4290 38090 15860 34320 53300 41080 57850 1482 4294 7790 1254 11134 4636 10032 15580 12008 16910 9048 26216 47560 7656 67976 28304 61248 95120 73312 103240 361 282 104 271 402 172 275 130 38 232 39 113 205 33 293 122 264 410 316 445 28186 128969 39467 137961 1227 66575 185292 9145 182127 122535 142610 69804 11991 109867 133986 116883 187638 191730 126229 149991 1689 130660 190190 140785 10843 39330 128205 68992 8157 67589 182693 189030 14833 110418 110475 170098 26968 51522 145858 31495 30090 193427 22259 151354 113288 74645 26043 60538 97955 46132 99653 140156 38111 108795 100570 68601 149677 63935 149415 81442 95859 123098 19636 98654 24278 45162 60285 68551 164352 64692 122665 145852 37417 107625 152063 45925 82943 92498 16463 36931
200
5527 85298 115952 131144 179721 175241 139236 181184 28824 126586 39 81783 79891 39123 198953 124118 172944 49525 77873 159538 53990 63910 134570 4440 45890 105431 64125 24772 125899 74751 3095 148570 142421 20520 155710 166776 11002 131340 39690 65766 125065 138058 52840 20579 5496 71254 186297 81213 166873 120275 30028 134324 125766 178551 160170 165025 95050 80180 95086 55669 104230 82792 150644 169787 167898 17744 88116 194490 11825 122884 196790 88049 183539 48178 21680 70049 125884 4667 145516 108343 129846 8796 8629 27111 113981 41247 58261 77660 124539 60609 131144 164515 110658 70686 82640 33488 196931 73693 128368 194893 146807 87653 20597 69106 21821 92712 112970 169487 160617 50647 66600 75683 80964 86307 6849 148781 12332 100182 30274 106052 183426 89215 1526 173092 133779 139160 144710 57422 97842 157883 172953 134392 115171 49844 45177 34385 192174 497 42145 121455 30755 133932 191447 63267 184236 124301 33349 29479 122298 88959 138968 129498 24956 134635 144019 73334 63602 126775 22257 83281 44576 123851 110664 198734 42165 170774 148649 156285 174862 198900 109521 81879 7820 52732 41709 102238 193282 110879 63094 187734 193842 42251 73871 3633 141453 107621 1460 101582 109146 52852 3227 67034 146103 33721 83620 136090 179006 79678 106042 149280
200
1 1 1 1 1 1 1 1 1 1 1 1 1 1 1 1 1 1 1 1 1 1 1 1 1 1 1 1 1 1 1 1 1 1 1 1 1 1 1 1 1 1 1 1 1 1 1 1 1 1 1 1 1 1 1 1 1 1 1 1 1 1 1 1 1 1 1 1 1 1 1 1 1 1 1 1 1 1 1 1 1 1 1 1 1 1 1 1 1 1 1 1 1 1 1 1 1 1 1 1 1 1 1 1 1 1 1 1 1 1 1 1 1 1 1 1 1 1 1 1 1 1 1 1 1 1 1 1 1 1 1 1 1 1 1 1 1 1 1 1 1 1 1 1 1 1 1 1 1 1 1 1 1 1 1 1 1 1 1 1 1 1 1 1 1 1 1 1 1 1 1 1 1 1 1 1 1 1 1 1 1 1 1 1 1 1 1 1 1 1 1 1 1 1 1 1 1 1 1 1
200
0 0 0 0 0 0 0 0 0 0 0 0 0 0 0 0 0 0 0 0 0 0 0 0 0 0 0 0 0 0 0 0 0 0 0 0 0 0 0 0 0 0 0 0 0 0 0 0 0 0 0 0 0 0 0 0 0 0 0 0 0 0 0 0 0 0 0 0 0 0 0 0 0 0 0 0 0 0 0 0 0 0 0 0 0 0 0 0 0 0 0 0 0 0 0 0 0 0 0 0 0 0 0 0 0 0 0 0 0 0 0 0 0 0 0 0 0 0 0 0 0 0 0 0 0 0 0 0 0 0 0 0 0 0 0 0 0 0 0 0 0 0 0 0 0 0 0 0 0 0 0 0 0 0 0 0 0 0 0 0 0 0 0 0 0 0 0 0 0 0 0 0 0 0 0 0 0 0 0 0 0 0 0 0 0 0 0 0 0 0 0 0 0 0 0 0 0 0 0 0
200
65537 65537 131073 65537 131073 65537 65537 131073 65537 65537 131073 65537 65537 131073 65537 131073 131073 131073 65537 131073 131073 131073 131073 131073 131073 131073 65537 131073 131073 65537 65537 65537 65537 65537 131073 65537 131073 131073 131073 65537 65537 65537 65537 65537 65537 65537 65537 131073 131073 131073 131073 131073 131073 131073 131073 65537 131073 131073 65537 65537 65537 65537 65537 131073 131073 131073 65537 131073 131073 131073 131073 65537 65537 131073 65537 65537 131073 65537 131073 131073 65537 65537 65537 131073 65537 65537 65537 65537 65537 65537 131073 131073 65537 65537 131073 131073 65537 65537 65537 65537 131073 65537 131073 131073 65537 65537 65537 131073 65537 65537 131073 131073 65537 131073 65537 65537 131073 131073 131073 65537 131073 65537 65537 131073 131073 131073 65537 131073 131073 65537 131073 65537 65537 65537 131073 131073 131073 65537 65537 131073 65537 65537 131073 131073 131073 65537 65537 65537 65537 65537 65537 131073 131073 65537 65537 65537 65537 65537 131073 131073 65537 131073 131073 65537 65537 65537 65537 131073 65537 65537 131073 131073 65537 131073 131073 131073 131073 65537 131073 131073 65537 65537 65537 131073 65537 65537 131073 131073 65537 65537 65537 131073 131073 131073 65537 131073 131073 65537 65537 65537
